1 1
2 1 
3 1 
4 1 
5 1 
6 5 
7 3 
8 1 
9 1 
10 2 
11 1 
12 2 
13 3 
14 1 
15 2 
16 1 
17 1 
18 4 
19 1 
20 6 
21 1 
22 1 
23 6 
24 1 
25 1 
26 5 
27 2 
28 2 
29 2 
30 1 
31 1 
32 4 
33 2 
34 2 
35 5 
36 8 
37 2 
38 1 
39 1 
40 2 
41 2 
42 2. 
43 4 
44 2 
45 6 
46 1 
47 1 
48 1 
49 3 
50 2 
51 1 
52 4 
53 3 
54 6 
55 2 
56 1 
57 9 
58 8 
59 1 
60 3 
61 4 
62 3
63 1 
64 1 
65 1 
66 1 
67 2 
68 2 
69 2 
70 5 
71 1 
72 7 
73 2 
74 10 
75 1 
76 2 
77 1 
78 8 
79 1 
80 1 
81 11 
82 1 
83 6 
84 2 
85 1 
86 3 
87 1 
88 1 
89 3 
90 2 
91 1 
92 7 
93 1 
94 1 
95 3 
96 1 
97 2 
98 1 
99 6 
100 5 
101 3 
102 1 
103 2 
104 1 
105 1 
106 2 
107 1 
108 6 
109 2 
110 2 
111 3 
112 1 
113 1 
114 3 
115 5 
116 9 
117 1 
118 7 
119 1 
120 4 
121 1 
122 2 
123 5 
124 2
125 1 
126 4 
127 1 
128 1 
129 1 
130 3 
131 1 
132 9 
133 4 
134 2 
135 7 
136 2 
137 1 
138 5
